Ready to run with 10 latency at 2000uS sample rate
ualarm ON
2	0	0	600	-1915
4	0	0	600	-30
6	0	0	600	21
8	0	0	600	-18
10	0	0	600	-5
12	0	0	600	-1
14	0	0	600	0
16	0	0	600	0
18	0	0	600	1
20	0	0	600	-1
22	0	0	600	0
24	0	0	600	0
26	0	0	600	1
28	0	0	600	-1
30	0	0	600	1
32	0	0	600	-8
34	0	0	600	0
36	0	0	600	1
38	0	0	600	-1
40	0	0	600	3
42	0	0	600	-3
44	0	0	600	0
46	0	0	600	0
48	0	0	600	0
50	0	0	600	0
52	0	0	600	0
54	0	0	600	0
56	0	0	600	0
58	0	0	600	0
60	0	0	600	0
62	0	0	600	0
64	0	0	600	0
66	0	0	600	1
68	0	0	600	-1
70	0	0	600	0
72	0	0	600	0
74	0	0	600	0
76	0	0	600	1
78	0	0	600	-1
80	0	0	600	1
82	0	0	600	-1
84	0	0	600	0
86	0	0	600	1
88	0	0	600	0
90	0	0	600	0
92	0	0	600	-1
94	0	0	600	1
96	0	0	600	1
98	0	0	600	-1
100	0	0	600	0
102	0	0	600	-1
104	0	0	600	1
106	0	0	600	0
108	0	0	600	0
110	0	0	600	0
112	0	0	600	-1
114	0	0	600	1
116	0	0	600	0
118	0	0	600	0
120	0	0	600	0
122	0	0	600	0
124	0	0	600	0
126	0	0	600	0
128	0	0	600	1
130	0	0	600	0
132	840	0	600	-6
134	0	0	600	0
136	0	0	600	0
138	0	0	600	0
140	0	0	600	0
142	0	0	600	0
144	0	0	600	0
146	0	0	600	0
148	0	0	600	0
150	843	0	600	0
152	0	0	600	0
154	0	0	600	0
156	0	0	600	0
158	0	0	600	0
160	0	0	600	0
162	0	0	600	0
164	0	0	600	0
166	0	0	600	0
168	0	0	600	0
170	844	0	600	0
172	0	0	600	0
174	0	0	600	0
176	0	0	600	0
178	0	0	600	0
180	0	0	600	0
182	839	0	600	0
184	0	0	600	0
186	0	0	600	1
188	844	0	600	0
190	839	0	600	0
192	839	0	600	-1
194	0	0	600	1
196	0	0	600	0
198	0	0	600	0
200	831	0	600	2
202	0	0	600	-2
204	0	0	600	0
206	0	0	600	0
208	847	0	600	0
210	0	0	600	0
212	839	0	600	0
214	0	0	600	0
216	0	0	600	0
218	0	0	600	0
220	0	0	600	0
222	839	0	600	0
224	0	0	600	0
226	0	0	600	0
228	0	0	600	0
230	0	0	600	0
232	0	0	600	0
234	0	0	600	0
236	0	0	600	0
238	0	0	600	0
240	0	0	600	1
242	0	0	600	-1
244	0	0	600	0
246	0	0	600	1
248	0	0	600	0
250	0	0	600	0
252	835	0	600	-1
254	0	0	600	0
256	0	0	600	1
258	831	0	600	2
260	0	0	600	-2
262	0	0	600	0
264	0	0	600	0
266	0	0	600	0
268	0	0	600	0
270	0	0	600	0
272	847	0	600	0
274	0	0	600	0
276	0	0	600	0
278	0	0	600	0
280	0	0	600	0
282	0	0	600	0
284	839	0	600	0
286	0	0	600	0
288	839	0	600	0
290	847	0	600	0
292	0	0	600	0
294	0	0	600	0
296	0	0	600	0
298	0	0	600	0
300	0	0	600	0
302	0	0	600	0
304	0	0	600	0
306	0	0	600	0
308	839	0	600	1
310	0	0	600	-1
312	0	0	600	0
314	0	0	600	0
316	0	0	600	1
318	0	0	600	0
320	0	0	600	0
322	0	0	600	-1
324	0	0	600	1
326	0	0	600	0
328	832	0	600	0
330	0	0	600	0
332	839	0	600	0
334	0	0	600	0
336	0	0	600	0
338	0	0	600	0
340	831	0	600	0
342	0	0	600	0
344	0	0	600	0
346	0	0	600	0
348	0	0	600	0
350	0	0	600	0
352	0	0	600	0
354	0	0	600	0
356	0	0	600	0
358	0	0	600	0
360	0	0	600	0
362	0	0	600	0
364	0	0	600	0
366	0	0	600	1
368	0	0	600	-1
370	0	0	600	1
372	840	0	372	-1
374	0	0	372	0
376	0	0	372	1
378	0	0	372	4
380	0	0	372	-4
382	844	0	372	-1
384	0	0	372	1
386	0	0	372	0
388	0	0	372	2
390	0	0	372	-2
392	0	0	372	0
394	0	0	372	0
396	0	0	372	0
398	0	0	372	0
400	0	0	372	0
402	0	0	372	0
404	0	0	372	0
406	0	0	372	0
408	0	0	372	3
410	849	0	372	-2
412	0	0	372	-1
414	0	0	372	0
416	0	0	372	0
418	0	0	372	0
420	0	0	372	0
422	839	0	372	0
424	0	0	372	0
426	0	0	372	1
428	0	0	372	0
430	839	0	372	-1
432	0	0	372	0
434	0	0	372	0
436	0	0	372	1
438	0	0	372	113
440	0	0	372	2770
442	0	0	372	-779
444	0	0	372	-84
446	0	0	372	5
448	0	0	372	-7
450	846	0	372	-17
452	0	0	372	0
454	0	0	372	-1
456	0	0	372	1
458	839	0	372	-1
460	0	0	372	0
462	0	0	372	0
464	835	0	372	0
466	0	0	372	1
468	0	0	372	-1
470	0	0	372	0
472	0	0	372	0
474	0	0	372	0
476	0	0	372	0
478	0	0	372	0
480	0	0	372	0
482	0	0	372	0
484	0	0	372	1
486	0	0	372	-1
488	0	0	372	0
490	0	0	372	0
492	0	0	372	1
494	0	0	372	0
496	0	0	372	0
498	0	0	372	0
500	0	0	372	0
502	0	0	372	0
504	0	0	372	0
506	0	0	372	0
508	839	0	372	0
510	0	0	372	-1
512	0	0	372	1
514	0	0	372	0
516	0	0	372	0
518	0	0	372	0
520	0	0	372	0
522	0	0	372	0
524	0	0	372	0
526	0	0	372	0
528	889	0	372	0
530	0	0	372	0
532	0	0	372	0
534	0	0	372	0
536	0	0	372	0
538	0	0	372	0
540	0	0	372	0
542	0	0	372	0
544	0	0	372	0
546	0	0	372	0
548	839	0	372	0
550	0	0	372	0
552	0	0	372	0
554	835	0	372	1
556	0	0	372	0
558	0	0	372	0
560	0	0	372	-1
562	0	0	372	1
564	0	0	372	0
566	0	0	372	0
568	0	0	372	0
570	833	0	372	0
572	0	0	372	0
574	0	0	372	0
576	0	0	372	0
578	0	0	372	0
580	839	0	372	0
582	0	0	372	0
584	839	0	372	0
586	0	0	372	0
588	0	0	372	0
590	0	0	372	0
592	0	0	372	0
594	0	0	372	0
596	0	0	372	0
598	0	0	372	0
600	833	0	372	0
602	0	0	372	0
604	0	0	372	1
606	0	0	372	-1
608	844	0	372	0
610	0	0	372	0
612	0	0	372	0
614	0	0	372	0
616	0	0	372	0
618	0	0	372	1
620	0	0	372	-1
622	0	0	372	0
624	0	0	372	1
626	0	0	372	0
628	839	234	256	0
630	0	234	256	0
632	0	234	256	0
634	0	234	256	0
636	0	234	256	0
638	0	234	256	0
640	0	234	256	0
642	0	234	256	0
644	0	234	256	0
646	0	234	256	0
648	0	234	256	0
650	0	234	256	0
652	0	234	256	0
654	0	234	256	0
656	0	234	256	0
658	831	234	256	0
660	0	234	256	0
662	0	234	256	0
664	0	234	256	0
666	0	234	256	0
668	0	234	256	0
670	0	234	256	0
672	0	234	256	0
674	0	234	256	0
676	0	234	256	0
678	0	234	256	0
680	0	234	256	0
682	0	234	256	0
684	840	234	256	1
686	0	234	256	0
688	841	234	256	0
690	0	234	256	-1
692	0	234	256	1
694	839	234	256	0
696	835	234	256	0
698	0	234	256	0
700	0	234	256	0
702	0	234	256	0
704	0	234	256	0
706	835	234	256	0
708	846	234	256	0
710	832	234	256	0
712	0	234	256	0
714	0	234	256	0
716	0	234	256	0
718	0	234	256	0
720	833	234	256	0
722	0	234	256	1
724	0	234	256	-1
726	0	234	256	0
728	0	234	256	0
730	0	234	256	0
732	0	234	256	0
734	0	234	256	0
736	0	234	256	0
738	0	234	256	0
740	839	234	256	0
742	0	234	256	0
744	0	234	256	1
746	839	234	256	0
748	0	234	256	0
750	847	234	256	-1
752	0	234	256	0
754	0	234	256	1
756	0	234	256	0
758	833	234	256	0
760	0	234	256	0
762	0	234	256	0
764	0	234	256	0
766	0	234	256	0
768	840	234	256	0
770	0	234	256	0
772	0	234	256	0
774	0	234	256	0
776	0	234	256	0
778	0	234	256	0
780	0	234	256	0
782	0	234	256	0
784	0	234	256	0
786	844	234	256	0
788	0	234	256	0
790	0	234	256	0
792	0	234	256	0
794	0	234	256	0
796	0	234	256	0
798	839	234	256	0
800	0	234	256	0
802	0	234	256	0
804	0	234	256	0
806	839	234	256	1
808	840	234	256	-1
810	844	234	256	0
812	0	234	256	1
814	0	234	256	0
816	0	234	256	0
818	833	234	256	0
820	0	234	256	-1
822	0	234	256	1
824	0	234	256	0
826	0	234	256	0
828	0	234	256	0
830	839	234	256	-1
832	0	234	256	1
834	0	234	256	0
836	0	234	256	0
838	0	234	256	0
840	0	234	256	0
842	0	234	256	0
844	0	234	256	0
846	0	234	256	0
848	0	234	256	0
850	0	234	256	0
852	0	234	256	0
854	0	234	256	0
856	0	234	256	0
858	0	234	256	0
860	0	234	256	0
862	0	234	256	0
864	0	234	256	0
866	0	234	256	1
868	839	234	256	0
870	839	234	256	-1
872	0	234	256	0
874	0	234	256	1
876	0	234	256	0
878	0	234	256	0
880	0	234	256	-1
882	839	235	254	1
884	0	235	254	0
886	0	235	254	0
888	847	235	254	0
890	0	235	254	-1
892	846	235	254	1
894	0	235	254	0
896	0	235	254	0
898	0	235	254	0
900	0	235	254	0
902	839	235	254	0
904	0	235	254	2
906	0	235	254	-2
908	0	235	254	0
910	839	235	254	0
912	0	235	254	0
914	0	235	254	0
916	0	235	254	0
918	839	235	254	0
920	0	235	254	0
922	0	235	254	0
924	835	235	254	0
926	0	235	254	1
928	0	235	254	0
930	0	235	254	-1
932	840	235	254	0
934	0	235	254	1
936	0	235	254	0
938	0	235	254	0
940	0	235	254	-1
942	0	235	254	1
944	0	235	254	0
946	0	235	254	0
948	0	235	254	0
950	0	235	254	0
952	0	235	254	0
954	0	235	254	0
956	0	235	254	0
958	0	235	254	0
960	0	235	254	0
962	0	235	254	0
964	0	235	254	0
966	0	235	254	0
968	844	235	254	0
970	0	235	254	0
972	840	235	254	0
974	0	235	254	0
976	0	235	254	0
978	0	235	254	0
980	0	235	254	0
982	0	235	254	0
984	0	235	254	0
986	0	235	254	0
988	844	235	254	0
990	0	235	254	0
992	0	235	254	0
994	0	235	254	1
996	0	235	254	0
998	0	235	254	0
1000	0	235	254	-1
1002	0	235	254	1
1004	0	235	254	0
1006	0	235	254	0
1008	839	235	254	0
1010	831	235	254	0
1012	0	235	254	0
1014	0	235	254	0
1016	0	235	254	0
1018	0	235	254	0
1020	839	235	254	0
1022	839	235	254	0
1024	0	235	254	0
1026	0	235	254	0
1028	0	235	254	0
1030	0	235	254	0
1032	0	235	254	0
1034	0	235	254	0
1036	0	235	254	0
1038	0	235	254	0
1040	0	235	254	0
1042	0	235	254	1
1044	0	235	254	0
1046	0	235	254	0
1048	846	235	254	0
1050	0	235	254	-1
1052	0	235	254	1
1054	0	235	254	-1
1056	0	235	254	1
1058	0	235	254	0
1060	0	235	254	-1
1062	0	235	254	1
1064	0	235	254	0
1066	0	235	254	0
1068	0	235	254	0
1070	847	235	254	0
1072	0	235	254	0
1074	0	235	254	0
1076	0	235	254	0
1078	0	235	254	0
1080	0	235	254	0
1082	0	235	254	0
1084	0	235	254	0
1086	0	235	254	0
1088	835	235	254	0
1090	0	235	254	0
1092	0	235	254	0
1094	0	235	254	0
1096	0	235	254	0
1098	0	235	254	0
1100	0	235	254	0
1102	0	235	254	0
1104	0	235	254	0
1106	0	235	254	0
1108	844	235	254	0
1110	844	235	254	0
1112	0	235	254	0
1114	0	235	254	0
1116	0	235	254	0
1118	0	235	254	1
1120	0	235	254	-1
1122	0	235	254	0
1124	0	235	254	0
1126	0	235	254	1
1128	0	235	254	0
1130	0	235	254	-1
1132	0	235	254	1
1134	0	235	254	0
1136	0	235	254	0
1138	0	235	254	0
1140	0	235	254	0
1142	0	235	254	0
1144	0	235	254	0
1146	0	235	254	0
1148	0	235	254	0
1150	0	235	254	0
1152	0	235	254	0
1154	0	235	254	0
1156	0	235	254	0
1158	0	235	254	0
1160	0	235	254	0
1162	0	235	254	0
1164	0	235	254	0
1166	0	235	254	0
1168	0	235	254	0
1170	839	231	288	0
1172	839	231	288	0
1174	0	231	288	0
1176	0	231	288	1
1178	831	231	288	0
1180	0	231	288	-1
1182	0	231	288	0
1184	0	231	288	1
1186	0	231	288	0
1188	839	231	288	0
1190	0	231	288	-1
1192	0	231	288	1
1194	0	231	288	0
1196	0	231	288	0
1198	0	231	288	0
1200	0	231	288	0
1202	0	231	288	0
1204	0	231	288	0
1206	0	231	288	0
1208	0	231	288	0
1210	0	231	288	0
1212	840	231	288	0
1214	0	231	288	0
1216	0	231	288	0
1218	0	231	288	0
1220	831	231	288	0
1222	0	231	288	0
1224	0	231	288	0
1226	0	231	288	0
1228	0	231	288	0
1230	835	231	288	0
1232	0	231	288	0
1234	0	231	288	0
1236	0	231	288	1
1238	0	231	288	-1
1240	0	231	288	0
1242	0	231	288	0
1244	0	231	288	0
1246	0	231	288	1
1248	839	231	288	0
1250	0	231	288	-1
1252	0	231	288	1
1254	0	231	288	0
1256	0	231	288	0
1258	0	231	288	0
1260	0	231	288	-1
1262	0	231	288	1
1264	0	231	288	0
1266	0	231	288	0
1268	839	231	288	0
1270	0	231	288	0
1272	0	231	288	0
1274	0	231	288	0
1276	0	231	288	0
1278	0	231	288	0
1280	0	231	288	0
1282	0	231	288	0
1284	0	231	288	0
1286	839	231	288	0
1288	833	231	288	0
1290	844	231	288	0
1292	0	231	288	0
1294	0	231	288	0
1296	0	231	288	0
1298	0	231	288	0
1300	0	231	288	0
1302	0	231	288	0
1304	0	231	288	1
1306	0	231	288	-1
1308	0	231	288	0
1310	847	231	288	0
1312	0	231	288	1
1314	0	231	288	0
1316	0	231	288	0
1318	0	231	288	0
1320	0	231	288	-1
1322	0	231	288	1
1324	839	231	288	0
1326	0	231	288	0
1328	0	231	288	0
1330	839	231	288	0
1332	0	231	288	0
1334	0	231	288	0
1336	0	231	288	0
1338	0	231	288	0
1340	0	231	288	0
1342	0	231	288	0
1344	0	231	288	0
1346	0	231	288	0
1348	0	231	288	0
1350	0	231	288	0
1352	0	231	288	0
1354	0	231	288	0
1356	0	231	288	1
1358	0	231	288	-1
1360	0	231	288	0
1362	0	231	288	0
1364	839	231	288	0
1366	0	231	288	0
1368	0	231	288	0
1370	0	231	288	0
1372	0	231	288	0
1374	0	231	288	1
1376	0	231	288	0
1378	0	231	288	0
1380	0	231	288	-1
1382	832	231	288	1
1384	0	231	288	0
1386	847	231	288	0
1388	0	231	288	0
1390	835	231	288	0
1392	839	231	288	0
1394	0	231	288	0
1396	0	231	288	0
1398	839	231	288	0
1400	0	231	288	0
1402	0	231	288	0
1404	0	231	288	0
1406	0	231	288	0
1408	0	231	288	0
1410	0	231	288	0
1412	0	231	288	0
1414	0	231	288	0
1416	0	231	288	0
1418	0	231	288	0
1420	0	231	288	0
1422	844	232	252	0
1424	0	232	252	0
1426	0	232	252	0
1428	847	232	252	0
1430	0	232	252	0
1432	839	232	252	0
1434	0	232	252	0
1436	0	232	252	1
1438	839	232	252	0
1440	0	232	252	-1
1442	839	232	252	1
1444	0	232	252	0
1446	0	232	252	0
1448	839	232	252	0
1450	0	232	252	-1
1452	0	232	252	1
1454	0	232	252	0
1456	0	232	252	0
1458	0	232	252	0
1460	0	232	252	0
1462	0	232	252	0
1464	0	232	252	0
1466	0	232	252	0
1468	0	232	252	0
1470	0	232	252	0
1472	0	232	252	0
1474	0	232	252	0
1476	0	232	252	0
1478	0	232	252	0
1480	0	232	252	0
1482	0	232	252	0
1484	0	232	252	0
1486	0	232	252	0
1488	847	232	252	0
1490	0	232	252	0
1492	0	232	252	0
1494	0	232	252	0
1496	0	232	252	1
1498	0	232	252	0
1500	0	232	252	-1
1502	835	232	252	0
1504	0	232	252	1
1506	0	232	252	-1
1508	0	232	252	1
1510	0	232	252	-1
1512	831	232	252	1
1514	0	232	252	0
1516	0	232	252	0
1518	0	232	252	0
1520	0	232	252	0
1522	0	232	252	0
1524	0	232	252	0
1526	0	232	252	0
1528	0	232	252	0
1530	0	232	252	0
1532	835	232	252	0
1534	0	232	252	0
1536	0	232	252	0
1538	0	232	252	0
1540	0	232	252	0
1542	0	232	252	0
1544	0	232	252	1
1546	0	232	252	-1
1548	844	232	252	0
1550	835	232	252	0
1552	0	232	252	0
1554	0	232	252	0
1556	0	232	252	0
1558	0	232	252	1
1560	0	232	252	-1
1562	833	232	252	1
1564	0	232	252	0
1566	0	232	252	0
1568	0	232	252	0
1570	0	232	252	-1
1572	832	232	252	1
1574	0	232	252	0
1576	0	232	252	0
1578	0	232	252	0
1580	0	232	252	0
1582	839	232	252	0
1584	0	232	252	0
1586	0	232	252	0
1588	839	232	252	0
1590	0	232	252	0
1592	0	232	252	0
1594	0	232	252	0
1596	0	232	252	0
1598	0	232	252	0
1600	0	232	252	0
1602	839	232	252	0
1604	0	232	252	0
1606	0	232	252	0
1608	0	232	252	0
1610	835	232	252	0
1612	0	232	252	0
1614	0	232	252	0
1616	0	232	252	0
1618	0	232	252	0
1620	0	232	252	0
1622	831	232	252	0
1624	0	232	252	1
1626	0	232	252	-1
1628	835	232	252	1
1630	840	232	252	-1
1632	839	232	252	0
1634	0	232	252	1
1636	0	232	252	0
1638	0	232	252	0
1640	0	232	252	-1
1642	0	232	252	1
1644	0	232	252	0
1646	0	232	252	0
1648	0	232	252	0
1650	0	232	252	0
1652	844	232	252	0
1654	0	232	252	0
1656	0	232	252	0
1658	0	232	252	0
1660	0	232	252	0
1662	0	232	252	0
1664	0	232	252	0
1666	0	232	252	0
1668	0	232	252	0
1670	0	232	252	0
1672	844	232	252	0
1674	0	232	252	0
1676	0	232	252	0
1678	0	232	252	0
1680	0	232	252	0
1682	839	231	260	1
1684	0	231	260	0
1686	0	231	260	0
1688	0	231	260	-1
1690	0	231	260	0
1692	0	231	260	1
1694	0	231	260	0
1696	0	231	260	0
1698	0	231	260	0
1700	0	231	260	-1
1702	0	231	260	1
1704	0	231	260	0
1706	0	231	260	0
1708	0	231	260	0
1710	0	231	260	0
1712	840	231	260	0
1714	0	231	260	0
1716	0	231	260	0
1718	0	231	260	0
1720	831	231	260	0
1722	0	231	260	0
1724	0	231	260	0
1726	0	231	260	0
1728	0	231	260	0
1730	0	231	260	0
1732	0	231	260	0
1734	0	231	260	0
1736	0	231	260	0
1738	0	231	260	0
1740	0	231	260	0
1742	833	231	260	0
1744	0	231	260	0
1746	0	231	260	0
1748	0	231	260	0
1750	0	231	260	0
1752	0	231	260	0
1754	0	231	260	1
1756	0	231	260	0
1758	0	231	260	0
1760	0	231	260	-1
1762	0	231	260	1
1764	0	231	260	0
1766	0	231	260	0
1768	0	231	260	0
1770	0	231	260	-1
1772	840	231	260	1
1774	0	231	260	0
1776	0	231	260	0
1778	0	231	260	0
1780	0	231	260	0
1782	0	231	260	0
1784	0	231	260	0
1786	0	231	260	0
1788	844	231	260	0
1790	0	231	260	0
1792	844	231	260	0
1794	0	231	260	0
1796	0	231	260	0
1798	0	231	260	0
1800	0	231	260	0
1802	0	231	260	0
1804	0	231	260	0
1806	0	231	260	0
1808	839	231	260	0
1810	0	231	260	0
1812	0	231	260	0
1814	0	231	260	0
1816	0	231	260	0
1818	0	231	260	0
1820	0	231	260	0
1822	0	231	260	1
1824	839	231	260	0
1826	0	231	260	0
1828	0	231	260	0
1830	0	231	260	-1
1832	0	231	260	1
1834	0	231	260	0
1836	0	231	260	0
1838	0	231	260	0
1840	0	231	260	-1
1842	0	231	260	1
1844	0	231	260	0
1846	0	231	260	0
1848	0	231	260	0
1850	846	231	260	0
1852	0	231	260	0
1854	0	231	260	0
1856	0	231	260	0
1858	0	231	260	0
1860	0	231	260	0
1862	0	231	260	0
1864	0	231	260	0
1866	847	231	260	0
1868	844	231	260	0
1870	0	231	260	0
1872	0	231	260	0
1874	0	231	260	1
1876	0	231	260	-1
1878	0	231	260	0
1880	0	231	260	0
1882	0	231	260	1
1884	0	231	260	0
1886	0	231	260	0
1888	0	231	260	0
1890	848	231	260	-1
1892	0	231	260	1
1894	0	231	260	0
1896	0	231	260	0
1898	0	231	260	0
1900	0	231	260	0
1902	835	231	260	0
1904	0	231	260	0
1906	0	231	260	0
1908	0	231	260	0
1910	846	231	260	0
1912	828	231	260	0
1914	0	231	260	0
1916	0	231	260	0
1918	0	231	260	0
1920	0	231	260	0
1922	0	231	260	0
1924	0	231	260	0
1926	0	231	260	0
1928	0	231	260	0
1930	839	231	260	0
1932	0	231	260	0
1934	0	231	260	0
1936	0	231	260	0
1938	0	231	260	0
1940	0	231	260	0
1942	839	231	260	0
1944	0	231	260	0
1946	0	231	260	1
1948	831	231	260	0
1950	847	231	260	-1
1952	0	231	260	0
1954	0	231	260	1
1956	0	231	260	0
1958	0	231	260	0
1960	0	231	260	0
1962	0	231	260	0
1964	0	231	260	0
1966	0	231	260	0
1968	844	231	260	0
1970	847	231	260	-1
1972	835	231	260	1
1974	0	231	260	0
1976	0	231	260	0
1978	0	231	260	0
1980	0	231	260	0
1982	839	231	260	0
1984	839	231	260	0
1986	0	231	260	0
1988	847	231	260	0
1990	0	231	260	0
1992	0	231	260	0
1994	0	231	260	0
1996	0	231	260	0
1998	0	231	260	0
2000	0	231	260	0
2002	0	231	260	0
2004	0	231	260	0
2006	0	231	260	0
2008	0	231	260	1
2010	0	231	260	-1
2012	0	231	260	1
2014	0	231	260	2
2016	0	231	260	-2
2018	0	231	260	0
2020	0	231	260	-1
2022	0	231	260	1
2024	0	231	260	0
2026	839	231	260	0
2028	0	231	260	0
2030	0	231	260	0
2032	828	231	260	0
2034	0	231	260	0
2036	0	231	260	0
2038	0	231	260	0
2040	0	231	260	0
2042	0	231	260	0
2044	0	231	260	0
2046	0	231	260	0
2048	0	231	260	0
2050	0	231	260	0
2052	847	231	260	0
2054	0	231	260	1
2056	0	231	260	-1
2058	0	231	260	0
2060	831	231	260	0
2062	0	231	260	0
2064	0	231	260	0
2066	0	231	260	0
2068	0	231	260	0
2070	0	231	260	0
2072	0	231	260	0
2074	0	231	260	1
2076	0	231	260	0
2078	0	231	260	0
2080	0	231	260	-1
2082	0	231	260	1
2084	0	231	260	0
2086	0	231	260	0
2088	0	231	260	0
2090	833	231	260	-1
2092	0	231	260	1
2094	0	231	260	0
2096	0	231	260	0
2098	0	231	260	0
2100	0	231	260	0
2102	0	231	260	0
2104	0	231	260	0
2106	0	231	260	0
2108	847	231	260	0
2110	839	231	260	0
2112	0	231	260	0
2114	0	231	260	0
2116	0	231	260	1
2118	0	231	260	-1
2120	0	231	260	0
2122	839	231	260	0
2124	0	231	260	0
2126	0	231	260	0
2128	0	231	260	1
2130	0	231	260	-1
2132	891	231	260	0
2134	0	231	260	1
2136	0	231	260	-1
2138	0	231	260	1
2140	0	231	260	-1
2142	0	231	260	1
2144	0	231	260	0
2146	0	231	260	0
2148	847	231	260	0
2150	843	231	260	-1
2152	0	231	260	1
2154	0	231	260	0
2156	0	231	260	0
2158	0	231	260	0
2160	0	231	260	0
2162	0	231	260	0
2164	0	231	260	0
2166	0	231	260	0
2168	847	231	260	0
2170	0	231	260	0
2172	0	231	260	0
2174	0	231	260	0
2176	0	231	260	0
2178	0	231	260	0
2180	0	231	260	0
2182	0	231	260	0
2184	839	231	260	0
2186	844	231	260	0
2188	0	231	260	0
2190	0	231	260	0
2192	0	231	260	0
2194	0	231	260	0
2196	0	231	260	1
2198	0	231	260	0
2200	0	231	260	-1
2202	0	231	260	0
2204	0	231	260	1
2206	0	231	260	0
2208	0	231	260	0
2210	0	231	260	-1
2212	0	231	260	1
2214	0	231	260	0
2216	0	231	260	0
2218	833	229	276	0
2220	0	229	276	0
2222	0	229	276	0
2224	0	229	276	0
2226	0	229	276	0
2228	0	229	276	0
2230	0	229	276	0
2232	0	229	276	0
2234	0	229	276	0
2236	0	229	276	0
2238	831	229	276	0
2240	0	229	276	0
2242	0	229	276	0
2244	0	229	276	0
2246	0	229	276	0
2248	0	229	276	0
2250	0	229	276	0
2252	0	229	276	0
2254	0	229	276	0
2256	0	229	276	1
2258	0	229	276	-1
2260	0	229	276	0
2262	0	229	276	0
2264	0	229	276	1
2266	839	229	276	0
2268	0	229	276	0
2270	0	229	276	-1
2272	0	229	276	0
2274	839	229	276	1
2276	831	229	276	0
2278	0	229	276	0
2280	0	229	276	0
2282	0	229	276	0
2284	0	229	276	0
2286	0	229	276	0
2288	839	229	276	0
2290	0	229	276	0
2292	0	229	276	0
2294	0	229	276	0
2296	0	229	276	0
2298	831	229	276	0
2300	0	229	276	0
2302	844	229	276	0
2304	0	229	276	0
2306	0	229	276	0
2308	847	229	276	0
2310	0	229	276	0
2312	0	229	276	0
2314	0	229	276	0
2316	0	229	276	0
2318	0	229	276	0
2320	0	229	276	0
2322	0	229	276	0
2324	0	229	276	1
2326	0	229	276	-1
2328	839	229	276	1
2330	0	229	276	-1
2332	0	229	276	0
2334	0	229	276	1
2336	0	229	276	0
2338	0	229	276	0
2340	0	229	276	-1
2342	0	229	276	1
2344	0	229	276	0
2346	0	229	276	0
2348	0	229	276	0
2350	0	229	276	-1
2352	0	229	276	1
2354	0	229	276	0
2356	0	229	276	0
2358	0	229	276	0
2360	0	229	276	0
2362	0	229	276	0
2364	0	229	276	0
2366	0	229	276	0
2368	839	229	276	0
2370	0	229	276	0
2372	0	229	276	0
2374	0	229	276	0
2376	0	229	276	0
2378	0	229	276	0
2380	0	229	276	0
2382	0	229	276	0
2384	839	229	276	1
2386	0	229	276	-1
2388	0	229	276	0
2390	0	229	276	0
2392	0	229	276	0
2394	0	229	276	1
2396	0	229	276	0
2398	0	229	276	0
2400	0	229	276	-1
2402	831	229	276	1
2404	0	229	276	0
2406	0	229	276	0
2408	0	229	276	-1
2410	846	229	276	0
2412	840	229	276	1
2414	0	229	276	0
2416	0	229	276	0
2418	0	229	276	0
2420	0	229	276	-1
2422	835	229	276	1
2424	0	229	276	0
2426	0	229	276	0
2428	0	229	276	0
2430	839	229	276	0
2432	0	229	276	0
2434	0	229	276	0
2436	0	229	276	0
2438	0	229	276	0
2440	0	229	276	0
2442	833	229	276	0
2444	0	229	276	0
2446	0	229	276	0
2448	844	229	276	0
2450	0	229	276	0
2452	0	229	276	0
2454	0	229	276	0
2456	0	229	276	0
2458	835	229	276	0
2460	0	229	276	0
2462	0	229	276	0
2464	0	229	276	0
2466	0	229	276	1
2468	844	229	276	0
2470	847	229	252	-1
2472	0	229	252	1
2474	0	229	252	0
2476	0	229	252	0
2478	0	229	252	0
2480	0	229	252	0
2482	0	229	252	0
2484	0	229	252	1
2486	839	229	252	-1
2488	0	229	252	0
2490	844	229	252	0
2492	0	229	252	0
2494	0	229	252	0
2496	0	229	252	0
2498	0	229	252	0
2500	0	229	252	0
2502	0	229	252	0
2504	0	229	252	0
2506	0	229	252	0
2508	0	229	252	0
2510	846	229	252	0
2512	0	229	252	0
2514	0	229	252	0
2516	0	229	252	1
2518	0	229	252	0
2520	0	229	252	-1
2522	0	229	252	1
2524	0	229	252	0
2526	0	229	252	0
2528	839	229	252	0
2530	0	229	252	-1
2532	0	229	252	1
2534	0	229	252	0
2536	0	229	252	0
2538	0	229	252	0
2540	0	229	252	-1
2542	0	229	252	1
2544	0	229	252	0
2546	0	229	252	0
2548	0	229	252	0
2550	843	229	252	0
2552	0	229	252	0
2554	0	229	252	0
2556	0	229	252	0
2558	0	229	252	0
2560	0	229	252	0
2562	0	229	252	0
2564	0	229	252	0
2566	0	229	252	0
2568	844	229	252	0
2570	0	229	252	0
2572	835	229	252	0
2574	0	229	252	0
2576	0	229	252	0
2578	0	229	252	0
2580	0	229	252	0
2582	833	229	252	0
2584	0	229	252	0
2586	0	229	252	1
2588	835	229	252	-1
2590	0	229	252	0
2592	0	229	252	0
2594	0	229	252	1
2596	0	229	252	-1
2598	0	229	252	1
2600	0	229	252	-1
2602	0	229	252	1
2604	0	229	252	0
2606	0	229	252	0
2608	0	229	252	0
2610	839	229	252	-1
2612	846	229	252	1
2614	0	229	252	0
2616	0	229	252	0
2618	0	229	252	0
2620	0	229	252	0
2622	0	229	252	0
2624	0	229	252	0
2626	0	229	252	0
2628	0	229	252	0
2630	0	229	252	0
2632	0	229	252	0
2634	0	229	252	0
2636	0	229	252	0
2638	0	229	252	0
2640	0	229	252	0
2642	0	229	252	0
2644	0	229	252	0
2646	0	229	252	1
2648	839	229	252	-1
2650	839	229	252	0
2652	0	229	252	0
2654	0	229	252	1
2656	0	229	252	0
2658	0	229	252	0
2660	831	229	252	-1
2662	839	229	252	1
2664	0	229	252	0
2666	0	229	252	0
2668	0	229	252	0
2670	0	229	252	-1
2672	0	229	252	1
2674	0	229	252	0
2676	0	229	252	0
2678	0	229	252	0
2680	0	229	252	0
2682	835	229	252	0
2684	0	229	252	0
2686	0	229	252	0
2688	0	229	252	0
2690	0	229	252	0
2692	0	229	252	0
2694	839	229	252	0
2696	0	229	252	0
2698	0	229	252	0
2700	0	229	252	0
2702	0	229	252	0
2704	0	229	252	0
2706	0	229	252	0
2708	0	229	252	0
2710	831	229	252	0
2712	0	229	252	0
2714	0	229	252	1
2716	0	229	252	0
2718	0	229	252	-1
2720	0	229	252	0
2722	0	229	252	0
2724	0	229	252	1
2726	0	229	252	0
2728	0	229	252	0
2730	0	229	252	-1
2732	0	229	252	1
2734	0	229	252	0
2736	0	229	252	0
2738	0	229	252	0
2740	0	229	252	-1
2742	832	229	272	1
2744	0	229	272	0
2746	0	229	272	0
2748	0	229	272	0
2750	0	229	272	0
2752	835	229	272	0
2754	0	229	272	0
2756	0	229	272	0
2758	0	229	272	0
2760	0	229	272	0
2762	0	229	272	0
2764	0	229	272	0
2766	0	229	272	0
2768	0	229	272	0
2770	840	229	272	0
2772	0	229	272	0
2774	0	229	272	1
2776	0	229	272	-1
2778	0	229	272	0
2780	0	229	272	0
2782	831	229	272	0
2784	0	229	272	1
2786	0	229	272	-1
2788	0	229	272	1
2790	0	229	272	-1
2792	0	229	272	1
2794	0	229	272	0
2796	0	229	272	0
2798	0	229	272	0
2800	0	229	272	-1
2802	0	229	272	1
2804	0	229	272	0
2806	0	229	272	0
2808	0	229	272	0
2810	0	229	272	0
2812	839	229	272	0
2814	0	229	272	0
2816	0	229	272	0
2818	0	229	272	0
2820	0	229	272	0
2822	0	229	272	0
2824	0	229	272	0
2826	0	229	272	0
2828	0	229	272	0
2830	838	229	272	0
2832	0	229	272	0
2834	0	229	272	0
2836	0	229	272	0
2838	0	229	272	0
2840	0	229	272	0
2842	0	229	272	0
2844	0	229	272	0
2846	839	229	272	1
2848	839	229	272	0
2850	0	229	272	-1
2852	0	229	272	0
2854	0	229	272	1
2856	0	229	272	0
2858	0	229	272	0
2860	0	229	272	-1
2862	839	229	272	1
2864	0	229	272	0
2866	0	229	272	0
2868	0	229	272	0
2870	0	229	272	0
2872	0	229	272	0
2874	0	229	272	0
2876	0	229	272	0
2878	0	229	272	0
2880	0	229	272	0
2882	0	229	272	0
2884	0	229	272	0
2886	0	229	272	0
2888	0	229	272	0
2890	847	229	272	0
2892	0	229	272	0
2894	0	229	272	0
2896	0	229	272	0
2898	0	229	272	0
2900	835	229	272	0
2902	0	229	272	0
2904	0	229	272	0
2906	0	229	272	0
2908	0	229	272	0
2910	0	229	272	0
2912	835	229	272	0
2914	0	229	272	0
2916	0	229	272	1
2918	0	229	272	0
2920	0	229	272	0
2922	0	229	272	0
2924	0	229	272	0
2926	0	229	272	0
2928	0	229	272	0
2930	839	229	272	0
2932	844	229	272	0
2934	0	229	272	0
2936	0	229	272	0
2938	0	229	272	0
2940	0	229	272	0
2942	839	229	272	0
2944	0	229	272	0
2946	0	229	272	0
2948	844	229	272	0
2950	0	229	272	0
2952	0	229	272	0
2954	0	229	272	0
2956	0	229	272	1
2958	0	229	272	-1
2960	835	229	272	0
2962	0	229	272	0
2964	0	229	272	0
2966	0	229	272	0
2968	0	229	272	0
2970	847	229	272	0
2972	0	229	272	0
2974	839	229	272	0
2976	0	229	272	1
2978	0	229	272	0
2980	0	229	272	-1
2982	0	229	272	1
2984	0	229	272	0
2986	0	229	272	0
2988	0	229	272	0
2990	840	229	272	0
2992	839	229	272	0
2994	0	229	272	0
2996	0	229	272	0
2998	0	229	272	0
3000	0	229	272	0
3002	0	229	272	0
3004	0	229	272	0
3006	0	229	272	0
3008	0	229	272	0
3010	0	229	272	0
3012	0	229	272	0
3014	0	229	272	0
3016	0	229	272	0
3018	0	229	272	0
3020	0	229	272	0
3022	0	229	272	0
3024	835	226	282	0
3026	0	226	282	0
3028	839	226	282	0
3030	867	226	282	0
3032	839	226	282	0
3034	0	226	282	0
3036	839	226	282	0
3038	0	226	282	0
3040	0	226	282	0
3042	0	226	282	0
3044	839	226	282	0
3046	0	226	282	1
3048	0	226	282	-1
3050	0	226	282	0
3052	0	226	282	0
3054	0	226	282	1
3056	0	226	282	0
3058	0	226	282	0
3060	0	226	282	-1
3062	0	226	282	1
3064	0	226	282	0
3066	0	226	282	0
3068	0	226	282	0
3070	844	226	282	0
3072	844	226	282	0
3074	0	226	282	0
3076	0	226	282	0
3078	0	226	282	0
3080	0	226	282	0
3082	830	226	282	0
3084	0	226	282	0
3086	0	226	282	0
3088	0	226	282	0
3090	0	226	282	0
3092	0	226	282	0
3094	0	226	282	0
3096	0	226	282	0
3098	0	226	282	0
3100	0	226	282	0
3102	0	226	282	0
3104	0	226	282	0
3106	0	226	282	1
3108	0	226	282	-1
3110	844	226	282	0
3112	0	226	282	1
3114	0	226	282	0
3116	0	226	282	0
3118	0	226	282	0
3120	0	226	282	0
3122	0	226	282	0
3124	0	226	282	0
3126	0	226	282	0
3128	0	226	282	0
3130	0	226	282	0
3132	830	226	282	0
3134	0	226	282	0
3136	0	226	282	0
3138	0	226	282	0
3140	0	226	282	0
3142	0	226	282	0
3144	0	226	282	0
3146	0	226	282	0
3148	0	226	282	0
3150	843	226	282	0
3152	832	226	282	0
3154	0	226	282	0
3156	0	226	282	0
3158	0	226	282	0
3160	846	226	282	0
3162	0	226	282	0
3164	0	226	282	1
3166	0	226	282	-1
3168	0	226	282	0
3170	0	226	282	0
3172	0	226	282	0
3174	0	226	282	0
3176	0	226	282	0
3178	0	226	282	0
3180	0	226	282	0
3182	839	226	282	0
3184	0	226	282	1
3186	0	226	282	0
3188	0	226	282	0
3190	0	226	282	-1
3192	831	226	282	1
3194	0	226	282	0
3196	0	226	282	0
3198	0	226	282	0
3200	0	226	282	0
3202	0	226	282	0
3204	839	226	282	0
3206	0	226	282	0
3208	0	226	282	0
3210	0	226	282	0
3212	0	226	282	0
3214	0	226	282	0
3216	0	226	282	0
3218	0	226	282	0
3220	0	226	282	0
3222	0	226	282	0
3224	0	226	282	0
3226	0	226	282	0
3228	0	226	282	0
3230	0	226	282	0
3232	0	226	282	0
3234	0	226	282	0
3236	0	226	282	0
3238	0	226	282	0
3240	835	226	282	0
3242	0	226	282	0
3244	0	226	282	1
3246	0	226	282	0
3248	0	226	282	0
3250	847	226	282	-1
3252	844	226	282	1
3254	0	226	282	0
3256	0	226	282	0
3258	0	226	282	0
3260	0	226	282	-1
3262	831	226	282	1
3264	0	226	282	0
3266	0	226	282	0
3268	0	226	282	0
3270	844	226	282	0
3272	0	226	282	0
3274	0	226	282	0
3276	0	226	282	0
3278	0	226	282	0
3280	0	226	282	0
3282	0	226	282	0
3284	0	226	282	0
3286	0	226	282	0
3288	0	226	282	0
3290	0	226	282	0
3292	0	226	282	0
3294	0	226	282	0
3296	0	226	282	0
3298	0	226	282	0
3300	0	226	282	0
3302	0	226	282	0
3304	0	226	282	0
3306	0	226	282	1
3308	840	223	284	-1
3310	0	223	284	0
3312	0	223	284	0
3314	0	223	284	1
3316	0	223	284	0
3318	0	223	284	0
3320	0	223	284	0
3322	0	223	284	0
3324	0	223	284	0
3326	0	223	284	0
3328	0	223	284	0
3330	839	223	284	0
3332	0	223	284	0
3334	0	223	284	0
3336	0	223	284	0
3338	0	223	284	0
3340	0	223	284	0
3342	0	223	284	0
3344	0	223	284	0
3346	0	223	284	0
3348	0	223	284	0
3350	0	223	284	0
3352	839	223	284	0
3354	839	223	284	0
3356	0	223	284	0
3358	0	223	284	0
3360	0	223	284	0
3362	0	223	284	85
3364	0	223	284	-84
3366	0	223	284	-1
3368	0	223	284	0
3370	0	223	284	0
3372	839	223	284	0
3374	0	223	284	1
3376	0	223	284	-1
3378	0	223	284	0
3380	0	223	284	0
3382	0	223	284	0
3384	0	223	284	1
3386	0	223	284	0
3388	0	223	284	0
3390	0	223	284	-1
3392	0	223	284	0
3394	0	223	284	1
3396	0	223	284	0
3398	0	223	284	0
3400	831	223	284	0
3402	0	223	284	0
3404	0	223	284	0
3406	0	223	284	0
3408	0	223	284	0
3410	831	223	284	0
3412	0	223	284	0
3414	0	223	284	0
3416	0	223	284	0
3418	0	223	284	0
3420	0	223	284	0
3422	0	223	284	0
3424	0	223	284	0
3426	0	223	284	0
3428	0	223	284	1
3430	839	223	284	-1
3432	0	223	284	0
3434	0	223	284	0
3436	0	223	284	1
3438	0	223	284	0
3440	0	223	284	-1
3442	0	223	284	0
3444	0	223	284	1
3446	0	223	284	-1
3448	0	223	284	0
3450	0	223	284	0
3452	839	223	284	0
3454	0	223	284	1
3456	0	223	284	0
3458	0	223	284	0
3460	0	223	284	-1
3462	0	223	284	1
3464	0	223	284	0
3466	0	223	284	0
3468	0	223	284	0
3470	846	223	284	-1
3472	0	223	284	1
3474	0	223	284	0
3476	0	223	284	0
3478	0	223	284	0
3480	0	223	284	0
3482	0	223	284	0
3484	0	223	284	0
3486	0	223	284	0
3488	0	223	284	0
3490	0	223	284	0
3492	0	223	284	0
3494	0	223	284	0
3496	0	223	284	1
3498	0	223	284	-1
3500	0	223	284	0
3502	0	223	284	0
3504	0	223	284	0
3506	0	223	284	0
3508	844	223	284	0
3510	839	223	284	0
3512	0	223	284	0
3514	0	223	284	1
3516	0	223	284	0
3518	0	223	284	0
3520	0	223	284	-1
3522	0	223	284	1
3524	0	223	284	0
3526	0	223	284	0
3528	0	223	284	0
3530	0	223	284	-1
3532	0	223	284	1
3534	0	223	284	0
3536	0	223	284	0
3538	0	223	284	0
3540	0	223	284	0
3542	0	223	284	0
3544	0	223	284	0
3546	839	223	284	0
3548	0	223	284	0
3550	832	223	284	0
3552	0	223	284	0
3554	0	223	284	0
3556	0	223	284	0
3558	0	223	284	0
3560	0	223	284	0
3562	0	223	284	0
3564	0	223	284	0
3566	0	223	284	0
3568	0	223	284	0
3570	839	223	262	0
3572	0	223	262	0
3574	0	223	262	1
3576	0	223	262	0
3578	0	223	262	-1
3580	0	223	262	0
3582	0	223	262	0
3584	0	223	262	1
3586	0	223	262	0
3588	0	223	262	0
3590	846	223	262	-1
3592	0	223	262	1
3594	0	223	262	75
3596	0	223	262	-75
3598	839	223	262	0
3600	0	223	262	-1
3602	0	223	262	1
3604	0	223	262	0
3606	0	223	262	0
3608	0	223	262	0
3610	846	223	262	0
3612	0	223	262	0
3614	0	223	262	0
3616	0	223	262	0
3618	0	223	262	0
3620	0	223	262	0
3622	839	223	262	0
3624	0	223	262	0
3626	839	223	262	1
3628	0	223	262	-1
3630	0	223	262	0
3632	0	223	262	0
3634	839	223	262	1
3636	0	223	262	-1
3638	0	223	262	1
3640	0	223	262	-1
3642	0	223	262	0
3644	0	223	262	1
3646	0	223	262	0
3648	0	223	262	0
3650	849	223	262	-1
3652	0	223	262	0
3654	0	223	262	1
3656	0	223	262	0
3658	0	223	262	0
3660	0	223	262	-1
3662	0	223	262	1
3664	0	223	262	0
3666	0	223	262	0
3668	0	223	262	0
3670	844	223	262	0
3672	0	223	262	0
3674	0	223	262	0
3676	0	223	262	0
3678	0	223	262	0
3680	0	223	262	0
3682	0	223	262	0
3684	839	223	262	0
3686	0	223	262	0
3688	0	223	262	0
3690	0	223	262	0
3692	0	223	262	0
3694	0	223	262	0
3696	0	223	262	0
3698	0	223	262	0
3700	0	223	262	0
3702	0	223	262	0
3704	0	223	262	0
3706	0	223	262	1
3708	0	223	262	-1
3710	0	223	262	0
3712	839	223	262	0
3714	844	223	262	1
3716	0	223	262	0
3718	0	223	262	-1
3720	831	223	262	0
3722	0	223	262	1
3724	0	223	262	0
3726	0	223	262	0
3728	0	223	262	0
3730	0	223	262	0
3732	0	223	262	0
3734	0	223	262	0
3736	0	223	262	0
3738	0	223	262	0
3740	0	223	262	0
3742	0	223	262	0
3744	0	223	262	0
3746	0	223	262	0
3748	0	223	262	0
3750	0	223	262	0
3752	0	223	262	0
3754	0	223	262	0
3756	0	223	262	0
3758	0	223	262	0
3760	0	223	262	0
3762	0	223	262	0
3764	0	223	262	0
3766	0	223	262	0
3768	0	223	262	0
3770	0	223	262	0
3772	0	223	262	0
3774	844	223	262	1
3776	0	223	262	0
3778	0	223	262	0
3780	0	223	262	-1
3782	0	223	262	0
3784	835	223	262	1
3786	0	223	262	0
3788	0	223	262	0
3790	0	223	262	-1
3792	0	223	262	1
3794	0	223	262	0
3796	0	223	262	0
3798	0	223	262	0
3800	0	223	262	0
3802	0	223	262	0
3804	839	223	262	0
3806	0	223	262	0
3808	0	223	262	0
3810	849	223	262	0
3812	0	223	262	0
3814	0	223	262	0
3816	0	223	262	0
3818	0	223	262	0
3820	0	223	262	0
3822	0	223	262	0
3824	835	226	254	0
3826	0	226	254	0
3828	0	226	254	0
3830	831	226	254	0
3832	847	226	254	0
3834	844	226	254	1
3836	0	226	254	0
3838	0	226	254	-1
3840	0	226	254	0
3842	0	226	254	1
3844	0	226	254	0
3846	0	226	254	0
3848	0	226	254	0
3850	839	226	254	-1
3852	0	226	254	0
3854	0	226	254	1
3856	0	226	254	0
3858	0	226	254	0
3860	0	226	254	0
3862	0	226	254	0
3864	0	226	254	0
3866	0	226	254	0
3868	0	226	254	0
3870	0	226	254	0
3872	0	226	254	0
3874	839	226	254	0
3876	0	226	254	0
3878	0	226	254	0
3880	0	226	254	0
3882	0	226	254	0
3884	833	226	254	17
3886	0	226	254	-17
3888	839	226	254	0
3890	839	226	254	0
3892	847	226	254	0
3894	0	226	254	0
3896	0	226	254	0
3898	0	226	254	1
3900	0	226	254	-1
3902	0	226	254	0
3904	839	226	254	1
3906	0	226	254	-1
3908	0	226	254	1
3910	846	226	254	-1
3912	0	226	254	1
3914	839	226	254	0
3916	0	226	254	0
3918	0	226	254	0
3920	0	226	254	-1
3922	0	226	254	1
3924	0	226	254	0
3926	0	226	254	0
3928	0	226	254	0
3930	0	226	254	-1
3932	0	226	254	1
3934	839	226	254	0
3936	0	226	254	0
3938	0	226	254	0
3940	839	226	254	0
3942	0	226	254	0
3944	0	226	254	0
3946	0	226	254	0
3948	0	226	254	0
3950	0	226	254	0
3952	847	226	254	0
3954	844	226	254	0
3956	0	226	254	0
3958	839	226	254	0
3960	0	226	254	0
3962	0	226	254	0
3964	835	226	254	1
3966	0	226	254	-1
3968	0	226	254	0
3970	839	226	254	0
3972	0	226	254	0
3974	840	226	254	0
3976	0	226	254	1
3978	0	226	254	0
3980	833	226	254	-1
3982	0	226	254	0
3984	0	226	254	1
3986	0	226	254	0
3988	0	226	254	0
3990	846	226	254	-1
3992	839	226	254	1
3994	831	226	254	0
3996	0	226	254	0
3998	0	226	254	0
4000	0	226	254	0
4002	0	226	254	0
4004	839	226	254	0
4006	0	226	254	0
4008	0	226	254	0
4010	844	226	254	0
4012	844	226	254	0
4014	0	226	254	0
4016	0	226	254	0
4018	0	226	254	0
4020	0	226	254	0
4022	0	226	254	0
4024	0	226	254	0
4026	0	226	254	0
4028	0	226	254	0
4030	0	226	254	0
4032	846	226	254	0
4034	839	226	254	18
4036	0	226	254	-17
4038	0	226	254	0
4040	0	226	254	-1
4042	831	226	254	0
4044	0	226	254	1
4046	0	226	254	0
4048	0	226	254	0
4050	0	226	254	-1
4052	844	226	254	1
4054	0	226	254	0
4056	0	226	254	0
4058	0	226	254	0
4060	0	226	254	-1
4062	0	226	254	1
4064	839	226	254	0
4066	0	226	254	0
4068	0	226	254	0
4070	835	226	254	0
4072	0	226	254	0
4074	839	226	254	0
4076	0	226	254	0
4078	0	226	254	0
4080	0	226	254	0
4082	0	226	254	0
4084	0	226	254	0
4086	0	226	254	0
4088	0	226	254	0
4090	0	226	254	0
4092	846	224	268	0
4094	840	224	268	0
4096	0	224	268	0
4098	0	224	268	0
4100	0	224	268	0
4102	0	224	268	0
4104	0	224	268	1
4106	0	224	268	0
4108	0	224	268	0
4110	848	224	268	-1
4112	867	224	268	0
4114	0	224	268	1
4116	0	224	268	0
4118	0	224	268	0
4120	0	224	268	0
4122	0	224	268	0
4124	0	224	268	0
4126	0	224	268	0
4128	0	224	268	0
4130	0	224	268	0
4132	847	224	268	0
4134	0	224	268	0
4136	0	224	268	0
4138	0	224	268	0
4140	0	224	268	0
4142	0	224	268	0
4144	0	224	268	0
4146	0	224	268	0
4148	0	224	268	0
4150	0	224	268	0
4152	839	224	268	0
4154	835	224	268	18
4156	0	224	268	-18
4158	0	224	268	1
4160	0	224	268	-1
4162	0	224	268	0
4164	0	224	268	0
4166	0	224	268	1
4168	839	224	268	-1
4170	0	224	268	0
4172	846	224	268	0
4174	847	224	268	1
4176	0	224	268	0
4178	0	224	268	0
4180	0	224	268	-1
4182	0	224	268	1
4184	0	224	268	0
4186	0	224	268	0
4188	0	224	268	0
4190	0	224	268	0
4192	840	224	268	0
4194	839	224	268	0
4196	835	224	268	0
4198	0	224	268	0
4200	835	224	268	0
4202	0	224	268	0
4204	831	224	268	0
4206	0	224	268	0
4208	0	224	268	0
4210	0	224	268	0
4212	0	224	268	0
4214	0	224	268	31
4216	0	224	268	-29
4218	0	224	268	-1
4220	0	224	268	-1
4222	0	224	268	0
4224	0	224	268	1
4226	0	224	268	-1
4228	844	224	268	0
4230	0	224	268	0
4232	0	224	268	0
4234	0	224	268	1
4236	0	224	268	0
4238	0	224	268	0
4240	0	224	268	-1
4242	0	224	268	1
4244	0	224	268	17
4246	0	224	268	-17
4248	0	224	268	0
4250	0	224	268	-1
4252	0	224	268	1
4254	831	224	268	0
4256	0	224	268	0
4258	0	224	268	0
4260	0	224	268	0
4262	831	224	268	0
4264	839	224	268	0
4266	0	224	268	0
4268	0	224	268	0
4270	839	224	268	0
4272	839	224	268	0
4274	0	224	268	17
4276	0	224	268	-17
4278	0	224	268	0
4280	0	224	268	0
4282	0	224	268	0
4284	0	224	268	0
4286	0	224	268	1
4288	0	224	268	-1
4290	0	224	268	0
4292	0	224	268	0
4294	835	224	268	0
4296	0	224	268	0
4298	0	224	268	0
4300	831	224	268	0
4302	0	224	268	0
4304	0	224	268	18
4306	0	224	268	-17
4308	0	224	268	0
4310	844	224	268	-1
4312	0	224	268	0
4314	0	224	268	1
4316	0	224	268	0
4318	0	224	268	0
4320	839	224	268	-1
4322	0	224	268	1
4324	839	224	268	0
4326	0	224	268	0
4328	0	224	268	0
4330	0	224	268	-1
4332	839	224	268	1
4334	843	224	268	17
4336	839	224	268	-17
4338	0	224	268	0
4340	0	224	268	0
4342	0	224	268	0
4344	0	224	268	0
4346	0	224	268	0
4348	0	224	268	0
4350	839	225	258	0
4352	0	225	258	0
4354	0	225	258	0
4356	0	225	258	0
4358	0	225	258	0
4360	0	225	258	0
4362	831	225	258	0
4364	0	225	258	19
4366	0	225	258	-19
4368	0	225	258	0
4370	0	225	258	0
4372	0	225	258	0
4374	839	225	258	1
4376	0	225	258	0
4378	0	225	258	0
4380	0	225	258	-1
4382	0	225	258	0
4384	833	225	258	1
4386	835	225	258	0
4388	0	225	258	0
4390	0	225	258	-1
4392	846	225	258	1
4394	0	225	258	17
4396	0	225	258	-17
4398	0	225	258	0
4400	0	225	258	0
4402	0	225	258	0
4404	0	225	258	0
4406	0	225	258	0
4408	0	225	258	0
4410	839	225	258	0
4412	847	225	258	0
4414	0	225	258	0
4416	0	225	258	0
4418	0	225	258	0
4420	0	225	258	0
4422	0	225	258	0
4424	835	225	258	18
4426	0	225	258	-18
4428	0	225	258	0
4430	846	225	258	0
4432	846	225	258	0
4434	863	225	258	1
4436	0	225	258	-1
4438	0	225	258	1
4440	0	225	258	-1
4442	0	225	258	0
4444	0	225	258	1
4446	0	225	258	0
4448	0	225	258	0
4450	0	225	258	-1
4452	0	225	258	1
4454	0	225	258	17
4456	0	225	258	-17
4458	0	225	258	0
4460	0	225	258	-1
4462	0	225	258	1
4464	0	225	258	0
4466	0	225	258	0
4468	0	225	258	0
4470	0	225	258	0
4472	0	225	258	0
4474	0	225	258	0
4476	0	225	258	0
4478	0	225	258	0
4480	0	225	258	0
4482	0	225	258	0
4484	0	225	258	17
4486	0	225	258	-17
4488	0	225	258	0
4490	0	225	258	0
4492	0	225	258	0
4494	0	225	258	0
4496	0	225	258	0
4498	0	225	258	0
4500	0	225	258	0
4502	0	225	258	0
4504	835	225	258	0
4506	0	225	258	1
4508	0	225	258	0
4510	0	225	258	-1
4512	0	225	258	0
4514	0	225	258	1
4516	0	225	258	-1
4518	0	225	258	1
4520	0	225	258	-1
4522	0	225	258	1
4524	0	225	258	0
4526	0	225	258	0
4528	0	225	258	0
4530	844	225	258	-1
4532	0	225	258	1
4534	0	225	258	0
4536	0	225	258	0
4538	0	225	258	0
4540	831	225	258	0
4542	0	225	258	0
4544	0	225	258	0
4546	839	225	258	0
4548	0	225	258	0
4550	835	225	258	0
4552	831	225	258	0
4554	0	225	258	0
4556	0	225	258	0
4558	0	225	258	0
4560	833	225	258	0
4562	833	225	258	0
4564	835	225	258	0
4566	0	225	258	0
4568	839	225	258	0
4570	0	225	258	0
4572	840	225	258	0
4574	0	225	258	1
4576	0	225	258	0
4578	0	225	258	0
4580	0	225	258	-1
4582	0	225	258	0
4584	0	225	258	1
4586	0	225	258	0
4588	0	225	258	0
4590	0	225	258	-1
4592	0	225	258	1
4594	0	225	258	0
4596	839	225	258	0
4598	0	225	258	0
4600	0	225	258	-1
4602	0	225	258	1
4604	839	225	254	0
4606	0	225	254	0
4608	0	225	254	0
4610	0	225	254	0
4612	840	225	254	0
4614	0	225	254	0
4616	0	225	254	0
4618	0	225	254	0
4620	0	225	254	0
4622	0	225	254	0
4624	0	225	254	0
4626	0	225	254	0
4628	0	225	254	0
4630	0	225	254	0
4632	0	225	254	0
4634	839	225	254	17
4636	0	225	254	-17
4638	0	225	254	0
4640	0	225	254	0
4642	0	225	254	0
4644	0	225	254	1
4646	0	225	254	0
4648	0	225	254	0
4650	839	225	254	-1
4652	0	225	254	1
4654	828	225	254	-1
4656	0	225	254	1
4658	0	225	254	0
4660	0	225	254	-1
4662	0	225	254	1
4664	0	225	254	16
4666	0	225	254	-16
4668	0	225	254	0
4670	0	225	254	-1
4672	844	225	254	1
4674	0	225	254	0
4676	0	225	254	0
4678	0	225	254	0
4680	0	225	254	0
4682	0	225	254	0
4684	0	225	254	0
4686	0	225	254	0
4688	0	225	254	0
4690	871	225	254	0
4692	847	225	254	0
4694	0	225	254	14
4696	0	225	254	-14
4698	0	225	254	0
4700	0	225	254	0
4702	0	225	254	0
4704	0	225	254	0
4706	0	225	254	0
4708	0	225	254	1
4710	839	225	254	-1
4712	0	225	254	0
4714	0	225	254	1
4716	0	225	254	0
4718	0	225	254	0
4720	0	225	254	-1
4722	0	225	254	0
4724	0	225	254	1
4726	0	225	254	0
4728	0	225	254	0
4730	0	225	254	-1
4732	0	225	254	1
4734	839	225	254	0
4736	0	225	254	0
4738	0	225	254	0
4740	0	225	254	0
4742	0	225	254	0
4744	0	225	254	0
4746	0	225	254	0
4748	0	225	254	0
4750	839	225	254	0
4752	0	225	254	0
4754	0	225	254	15
4756	0	225	254	-15
4758	0	225	254	0
4760	0	225	254	0
4762	0	225	254	0
4764	0	225	254	0
4766	0	225	254	0
4768	0	225	254	0
4770	856	225	254	0
4772	846	225	254	0
4774	0	225	254	0
4776	0	225	254	0
4778	0	225	254	0
4780	0	225	254	0
4782	0	225	254	0
4784	0	225	254	17
4786	0	225	254	-16
4788	0	225	254	0
4790	856	225	254	-1
4792	0	225	254	1
4794	846	225	254	0
4796	0	225	254	0
4798	0	225	254	0
4800	0	225	254	-1
4802	0	225	254	1
4804	0	225	254	0
4806	0	225	254	0
4808	0	225	254	0
4810	0	225	254	0
4812	839	225	254	0
4814	0	225	254	14
4816	0	225	254	-14
4818	0	225	254	0
4820	0	225	254	0
4822	0	225	254	0
4824	0	225	254	0
4826	0	225	254	0
4828	0	225	254	1
4830	839	225	254	-1
4832	0	225	254	0
4834	844	225	254	0
4836	0	225	254	0
4838	0	225	254	1
4840	0	225	254	-1
4842	0	225	254	0
4844	0	225	254	18
4846	0	225	254	-17
4848	0	225	254	0
4850	847	225	254	-1
4852	839	225	254	1
4854	839	225	254	0
4856	0	225	254	0
4858	0	225	254	0
4860	0	225	254	-1
4862	0	225	254	1
4864	0	225	254	0
4866	0	225	254	0
4868	839	226	264	0
4870	846	226	264	-1
4872	846	226	264	1
4874	0	226	264	17
4876	0	226	264	-17
4878	0	226	264	0
4880	0	226	264	0
4882	0	226	264	0
4884	0	226	264	0
4886	0	226	264	0
4888	0	226	264	0
4890	835	226	264	0
4892	0	226	264	0
4894	0	226	264	0
4896	0	226	264	0
4898	0	226	264	0
4900	0	226	264	0
4902	0	226	264	0
4904	0	226	264	14
4906	0	226	264	-14
4908	0	226	264	0
4910	0	226	264	0
4912	0	226	264	0
4914	0	226	264	1
4916	0	226	264	0
4918	0	226	264	0
4920	0	226	264	-1
4922	0	226	264	1
4924	835	226	264	0
4926	0	226	264	0
4928	0	226	264	0
4930	0	226	264	-1
4932	0	226	264	1
4934	839	226	264	13
4936	0	226	264	-13
4938	0	226	264	0
4940	835	226	264	0
4942	0	226	264	0
4944	0	226	264	0
4946	0	226	264	0
4948	0	226	264	0
4950	0	226	264	0
4952	0	226	264	0
4954	839	226	264	0
4956	0	226	264	0
4958	0	226	264	0
4960	0	226	264	0
4962	0	226	264	0
4964	0	226	264	4
4966	0	226	264	-4
4968	0	226	264	0
4970	0	226	264	0
4972	831	226	264	0
4974	0	226	264	0
4976	0	226	264	1
4978	0	226	264	-1
4980	839	226	264	0
4982	0	226	264	0
4984	831	226	264	1
4986	839	226	264	0
4988	0	226	264	0
4990	839	226	264	-1
4992	0	226	264	0
4994	0	226	264	14
4996	0	226	264	-13
4998	0	226	264	0
5000	0	226	264	-1
5002	0	226	264	1
5004	833	226	264	0
5006	0	226	264	0
5008	0	226	264	0
5010	0	226	264	-1
5012	839	226	264	1
5014	0	226	264	0
5016	839	226	264	0
5018	0	226	264	0
5020	0	226	264	0
5022	0	226	264	0
5024	0	226	264	12
5026	0	226	264	-12
5028	835	226	264	0
5030	0	226	264	0
5032	831	226	264	0
5034	847	226	264	0
5036	0	226	264	0
5038	0	226	264	0
5040	0	226	264	0
5042	0	226	264	0
5044	847	226	264	0
5046	0	226	264	1
5048	0	226	264	0
5050	0	226	264	-1
5052	836	226	264	0
5054	0	226	264	1
5056	0	226	264	0
5058	839	226	264	0
5060	0	226	264	-1
5062	0	226	264	1
5064	835	226	264	0
5066	0	226	264	0
5068	0	226	264	0
5070	0	226	264	0
5072	0	226	264	0
5074	0	226	264	0
5076	0	226	264	0
5078	0	226	264	0
5080	0	226	264	0
5082	0	226	264	0
5084	831	226	264	17
5086	0	226	264	-17
5088	0	226	264	0
5090	0	226	264	0
5092	0	226	264	0
5094	860	226	264	0
5096	0	226	264	0
5098	0	226	264	0
5100	0	226	264	0
5102	0	226	264	0
5104	847	226	264	0
5106	0	226	264	0
5108	0	226	264	0
5110	0	226	264	0
5112	0	226	264	0
5114	846	226	264	18
5116	0	226	264	-18
5118	0	226	264	0
5120	0	226	264	0
5122	0	226	264	1
5124	846	226	256	0
5126	0	226	256	-1
5128	0	226	256	1
5130	0	226	256	-1
5132	0	226	256	1
5134	844	226	256	0
5136	0	226	256	0
5138	0	226	256	0
5140	0	226	256	-1
5142	0	226	256	1
5144	0	226	256	18
5146	839	226	256	-18
5148	0	226	256	0
5150	839	226	256	0
5152	839	226	256	0
5154	0	226	256	0
5156	0	226	256	0
5158	0	226	256	0
5160	0	226	256	0
5162	0	226	256	0
5164	835	226	256	0
5166	0	226	256	0
5168	0	226	256	0
5170	0	226	256	0
5172	835	226	256	0
5174	0	226	256	10
5176	0	226	256	-10
5178	0	226	256	0
5180	0	226	256	0
5182	0	226	256	0
5184	835	226	256	1
5186	0	226	256	0
5188	0	226	256	0
5190	0	226	256	-1
5192	840	226	256	1
5194	839	226	256	0
5196	0	226	256	0
5198	0	226	256	0
5200	0	226	256	-1
5202	0	226	256	1
5204	0	226	256	17
5206	0	226	256	-17
5208	0	226	256	0
5210	0	226	256	0
5212	849	226	256	0
5214	0	226	256	0
5216	0	226	256	0
5218	839	226	256	0
5220	0	226	256	0
5222	0	226	256	0
5224	0	226	256	0
5226	0	226	256	0
5228	0	226	256	0
5230	0	226	256	0
5232	844	226	256	0
5234	0	226	256	12
5236	0	226	256	-12
5238	0	226	256	0
5240	0	226	256	0
5242	0	226	256	0
5244	831	226	256	0
5246	0	226	256	0
5248	0	226	256	0
5250	0	226	256	0
5252	847	226	256	0
5254	844	226	256	1
5256	0	226	256	0
5258	0	226	256	0
5260	0	226	256	-1
5262	0	226	256	1
5264	0	226	256	0
5266	0	226	256	0
5268	0	226	256	0
5270	0	226	256	-1
5272	0	226	256	1
5274	0	226	256	0
5276	0	226	256	0
5278	839	226	256	0
5280	0	226	256	0
5282	0	226	256	0
5284	0	226	256	0
5286	839	226	256	0
5288	0	226	256	0
5290	0	226	256	-1
5292	0	226	256	1
5294	843	226	256	2
5296	0	226	256	-2
5298	0	226	256	0
5300	0	226	256	0
5302	0	226	256	0
5304	0	226	256	0
5306	0	226	256	0
5308	0	226	256	0
5310	0	226	256	0
5312	0	226	256	0
5314	0	226	256	0
5316	0	226	256	0
5318	839	226	256	0
5320	0	226	256	0
5322	0	226	256	0
5324	839	226	256	9
5326	840	226	256	-8
5328	0	226	256	0
5330	0	226	256	-1
5332	0	226	256	1
5334	839	226	256	0
5336	0	226	256	0
5338	0	226	256	0
5340	0	226	256	-1
5342	839	226	256	1
5344	839	226	256	0
5346	0	226	256	0
5348	0	226	256	0
5350	0	226	256	0
5352	0	226	256	0
5354	0	226	256	5
5356	0	226	256	-5
5358	0	226	256	0
5360	0	226	256	0
5362	0	226	256	0
5364	0	226	256	0
5366	0	226	256	0
5368	0	226	256	0
5370	0	226	256	0
5372	839	226	256	0
5374	0	226	256	0
5376	0	226	256	0
5378	0	226	256	0
5380	0	226	256	0
5382	0	226	256	0
5384	0	226	256	11
5386	0	226	256	-10
5388	835	227	264	0
5390	0	227	264	-1
5392	856	227	264	0
5394	0	227	264	1
5396	0	227	264	0
5398	0	227	264	0
5400	0	227	264	-1
5402	0	227	264	1
5404	832	227	264	0
5406	0	227	264	0
5408	0	227	264	0
5410	0	227	264	-1
5412	0	227	264	1
5414	0	227	264	4
5416	0	227	264	-4
5418	0	227	264	0
5420	0	227	264	0
5422	0	227	264	0
5424	0	227	264	0
5426	0	227	264	0
5428	0	227	264	0
5430	0	227	264	0
5432	839	227	264	0
5434	0	227	264	0
5436	0	227	264	0
5438	0	227	264	0
5440	0	227	264	0
5442	0	227	264	0
5444	0	227	264	18
5446	0	227	264	2
5448	0	227	264	342
5450	0	227	264	-356
5452	0	227	264	-5
5454	839	227	264	0
5456	0	227	264	0
5458	0	227	264	0
5460	0	227	264	-1
5462	0	227	264	1
5464	831	227	264	0
5466	0	227	264	0
5468	0	227	264	0
5470	0	227	264	-1
5472	847	227	264	1
5474	837	227	264	0
5476	0	227	264	0
5478	0	227	264	0
5480	0	227	264	-1
5482	0	227	264	1
5484	0	227	264	0
5486	0	227	264	0
5488	0	227	264	0
5490	0	227	264	0
5492	847	227	264	0
5494	0	227	264	0
5496	835	227	264	0
5498	0	227	264	0
5500	0	227	264	0
5502	831	227	264	0
5504	0	227	264	0
5506	0	227	264	0
5508	0	227	264	0
5510	0	227	264	0
5512	835	227	264	0
5514	0	227	264	0
5516	0	227	264	0
5518	0	227	264	0
5520	0	227	264	0
5522	0	227	264	1
5524	0	227	264	-1
5526	0	227	264	0
5528	0	227	264	1
5530	0	227	264	-1
5532	0	227	264	0
5534	0	227	264	1
5536	0	227	264	0
5538	0	227	264	0
5540	0	227	264	-1
5542	835	227	264	1
5544	0	227	264	0
5546	0	227	264	0
5548	0	227	264	0
5550	0	227	264	-1
5552	847	227	264	1
5554	839	227	264	0
5556	0	227	264	0
5558	0	227	264	0
5560	0	227	264	0
5562	0	227	264	0
5564	0	227	264	0
5566	0	227	264	0
5568	0	227	264	0
5570	0	227	264	0
5572	840	227	264	0
5574	0	227	264	0
5576	0	227	264	0
5578	0	227	264	0
5580	0	227	264	0
5582	0	227	264	0
5584	0	227	264	0
5586	0	227	264	0
5588	0	227	264	0
5590	0	227	264	0
5592	0	227	264	0
5594	0	227	264	0
5596	839	227	264	1
5598	0	227	264	-1
5600	0	227	264	0
5602	0	227	264	0
5604	0	227	264	1
5606	0	227	264	0
5608	0	227	264	0
5610	0	227	264	-1
5612	0	227	264	1
5614	0	227	264	0
5616	0	227	264	0
5618	0	227	264	0
5620	0	227	264	-1
5622	828	227	264	1
5624	0	227	264	0
5626	0	227	264	0
5628	0	227	264	0
5630	0	227	264	0
5632	844	227	264	0
5634	839	227	264	0
5636	0	227	264	0
5638	0	227	264	0
5640	0	227	264	0
5642	0	227	264	0
5644	0	227	264	0
5646	0	227	264	0
5648	839	229	260	0
5650	0	229	260	0
5652	0	229	260	0
5654	839	229	260	1
5656	0	229	260	-1
5658	0	229	260	0
5660	0	229	260	0
5662	0	229	260	0
5664	0	229	260	0
5666	0	229	260	0
5668	0	229	260	0
5670	846	229	260	0
5672	0	229	260	0
5674	0	229	260	1
5676	0	229	260	-1
5678	0	229	260	1
5680	0	229	260	-1
5682	0	229	260	1
5684	0	229	260	0
5686	0	229	260	0
5688	0	229	260	0
5690	0	229	260	0
5692	839	229	260	0
5694	843	229	260	0
5696	0	229	260	0
5698	0	229	260	0
5700	0	229	260	-1
5702	0	229	260	1
5704	0	229	260	0
5706	0	229	260	0
5708	0	229	260	0
5710	0	229	260	0
5712	0	229	260	0
5714	0	229	260	0
5716	0	229	260	0
5718	0	229	260	0
5720	0	229	260	0
5722	0	229	260	0
5724	0	229	260	0
5726	0	229	260	0
5728	0	229	260	0
5730	0	229	260	0
5732	0	229	260	0
5734	0	229	260	1
5736	0	229	260	0
5738	839	229	260	-1
5740	0	229	260	0
5742	0	229	260	0
5744	0	229	260	1
5746	0	229	260	-1
5748	0	229	260	1
5750	0	229	260	-1
5752	0	229	260	1
5754	0	229	260	0
5756	0	229	260	0
5758	0	229	260	0
5760	0	229	260	0
5762	0	229	260	0
5764	0	229	260	0
5766	0	229	260	0
5768	0	229	260	0
5770	0	229	260	0
5772	840	229	260	0
5774	0	229	260	0
5776	0	229	260	0
5778	0	229	260	0
5780	0	229	260	0
5782	0	229	260	0
5784	0	229	260	0
5786	0	229	260	0
5788	0	229	260	0
5790	0	229	260	0
5792	0	229	260	0
5794	839	229	260	0
5796	0	229	260	0
5798	0	229	260	0
5800	0	229	260	0
5802	0	229	260	0
5804	0	229	260	0
5806	835	229	260	1
5808	0	229	260	0
5810	0	229	260	-1
5812	0	229	260	0
5814	846	229	260	1
5816	0	229	260	0
5818	0	229	260	0
5820	0	229	260	-1
5822	0	229	260	1
5824	0	229	260	0
5826	0	229	260	0
5828	0	229	260	0
5830	0	229	260	-1
5832	0	229	260	1
5834	840	229	260	0
5836	0	229	260	0
5838	0	229	260	0
5840	835	229	260	0
5842	0	229	260	0
5844	0	229	260	0
5846	0	229	260	0
5848	0	229	260	0
5850	0	229	260	0
5852	0	229	260	0
5854	839	229	260	0
5856	0	229	260	0
5858	835	229	260	0
5860	0	229	260	0
5862	0	229	260	0
5864	0	229	260	0
5866	0	229	260	0
5868	839	229	260	0
5870	856	229	260	0
5872	0	229	260	0
5874	0	229	260	1
5876	0	229	260	0
5878	0	229	260	0
5880	0	229	260	-1
5882	836	229	260	1
5884	0	229	260	0
5886	0	229	260	0
5888	0	229	260	0
5890	0	229	260	-1
5892	839	229	260	1
5894	831	229	260	0
5896	0	229	260	0
5898	0	229	260	0
5900	0	229	260	-1
5902	0	229	260	1
5904	0	229	260	0
5906	0	229	260	0
5908	0	229	260	0
5910	0	229	260	0
5912	828	230	264	0
5914	0	230	264	0
5916	840	230	264	0
5918	0	230	264	0
5920	0	230	264	0
5922	0	230	264	1
5924	839	230	264	-1
5926	0	230	264	0
5928	0	230	264	0
5930	0	230	264	0
5932	0	230	264	0
5934	838	230	264	0
5936	0	230	264	1
5938	0	230	264	0
5940	0	230	264	-1
5942	0	230	264	0
5944	0	230	264	1
5946	0	230	264	-1
5948	0	230	264	0
5950	0	230	264	0
5952	0	230	264	0
5954	0	230	264	1
5956	0	230	264	0
5958	0	230	264	0
5960	0	230	264	0
5962	0	230	264	0
5964	0	230	264	0
5966	0	230	264	0
5968	0	230	264	0
5970	0	230	264	0
5972	831	230	264	0
5974	847	230	264	0
5976	0	230	264	0
5978	0	230	264	0
5980	0	230	264	0
5982	0	230	264	0
5984	0	230	264	0
5986	0	230	264	0
5988	0	230	264	0
5990	0	230	264	0
5992	847	230	264	0
5994	856	230	264	0
5996	0	230	264	0
5998	0	230	264	0
6000	0	230	264	0
6002	0	230	264	0
6004	0	230	264	0
6006	0	230	264	0
6008	0	230	264	0
6010	0	230	264	0
6012	0	230	264	0
6014	839	230	264	1
6016	0	230	264	-1
6018	0	230	264	1
6020	0	230	264	-1
6022	0	230	264	0
6024	831	230	264	1
6026	0	230	264	0
6028	835	230	264	0
6030	0	230	264	-1
6032	839	230	264	1
6034	0	230	264	0
6036	0	230	264	0
6038	0	230	264	0
6040	0	230	264	0
6042	831	230	264	0
6044	0	230	264	0
6046	0	230	264	0
6048	0	230	264	0
6050	0	230	264	0
6052	835	230	264	0
6054	0	230	264	0
6056	843	230	264	0
6058	0	230	264	0
6060	0	230	264	0
6062	0	230	264	0
6064	0	230	264	0
6066	839	230	264	0
6068	0	230	264	0
6070	0	230	264	0
6072	847	230	264	0
6074	835	230	264	0
6076	0	230	264	0
6078	0	230	264	0
6080	0	230	264	0
6082	0	230	264	0
6084	0	230	264	0
6086	835	230	264	1
6088	0	230	264	0
6090	0	230	264	-1
6092	839	230	264	0
6094	835	230	264	1
6096	887	230	264	0
6098	0	230	264	0
6100	0	230	264	-1
6102	836	230	264	1
6104	0	230	264	0
6106	0	230	264	0
6108	0	230	264	0
6110	0	230	264	-1
6112	835	230	264	1
6114	0	230	264	0
6116	0	230	264	0
6118	0	230	264	0
6120	0	230	264	0
6122	0	230	264	0
6124	0	230	264	0
6126	835	230	264	0
6128	0	230	264	0
6130	0	230	264	0
6132	831	230	264	0
6134	0	230	264	0
6136	839	230	264	0
6138	0	230	264	0
6140	0	230	264	0
6142	0	230	264	0
6144	0	230	264	0
6146	0	230	264	0
6148	0	230	264	0
6150	0	230	264	0
6152	0	230	264	0
6154	0	230	264	1
6156	0	230	264	0
6158	0	230	264	0
6160	0	230	264	-1
6162	831	230	264	0
6164	0	230	264	1
6166	0	230	264	0
6168	0	230	264	0
6170	0	230	264	-1
6172	846	230	260	1
6174	0	230	260	0
6176	0	230	260	0
6178	0	230	260	0
6180	0	230	260	0
6182	0	230	260	0
6184	0	230	260	0
6186	0	230	260	0
6188	0	230	260	0
6190	0	230	260	0
6192	0	230	260	0
6194	0	230	260	0
6196	839	230	260	0
6198	0	230	260	0
6200	0	230	260	0
6202	0	230	260	0
6204	0	230	260	0
6206	831	230	260	0
6208	0	230	260	0
6210	0	230	260	0
6212	0	230	260	0
6214	840	230	260	0
6216	849	230	260	0
6218	0	230	260	0
6220	0	230	260	0
6222	0	230	260	0
6224	0	230	260	0
6226	0	230	260	0
6228	0	230	260	1
6230	0	230	260	0
6232	839	230	260	-1
6234	839	230	260	1
6236	847	230	260	0
6238	0	230	260	0
6240	0	230	260	-1
6242	0	230	260	1
6244	0	230	260	0
6246	0	230	260	0
6248	0	230	260	0
6250	0	230	260	0
6252	0	230	260	0
6254	0	230	260	0
6256	839	230	260	0
6258	0	230	260	0
6260	0	230	260	0
6262	0	230	260	0
6264	0	230	260	0
6266	0	230	260	0
6268	0	230	260	0
6270	0	230	260	0
6272	846	230	260	0
6274	0	230	260	0
6276	0	230	260	0
6278	0	230	260	0
6280	0	230	260	0
6282	833	230	260	0
6284	0	230	260	1
6286	839	230	260	-1
6288	0	230	260	1
6290	0	230	260	-1
6292	0	230	260	1
6294	0	230	260	0
6296	0	230	260	0
6298	0	230	260	0
6300	0	230	260	-1
6302	0	230	260	0
6304	0	230	260	1
6306	0	230	260	0
6308	0	230	260	0
6310	0	230	260	-1
6312	0	230	260	1
6314	0	230	260	0
6316	0	230	260	0
6318	0	230	260	0
6320	0	230	260	0
6322	0	230	260	0
6324	0	230	260	0
6326	0	230	260	0
6328	0	230	260	0
6330	0	230	260	0
6332	0	230	260	0
6334	847	230	260	0
6336	839	230	260	0
6338	0	230	260	0
6340	0	230	260	0
6342	0	230	260	0
6344	0	230	260	0
6346	839	230	260	0
6348	0	230	260	0
6350	0	230	260	0
6352	0	230	260	0
6354	0	230	260	0
6356	0	230	260	0
6358	0	230	260	0
6360	0	230	260	0
6362	0	230	260	1
6364	0	230	260	0
6366	0	230	260	0
6368	0	230	260	0
6370	0	230	260	-1
6372	0	230	260	1
6374	846	230	260	0
6376	0	230	260	0
6378	0	230	260	0
6380	839	230	260	-1
6382	831	230	260	1
6384	0	230	260	0
6386	0	230	260	0
6388	0	230	260	0
6390	0	230	260	-1
6392	0	230	260	1
6394	839	230	260	0
6396	0	230	260	0
6398	0	230	260	0
6400	0	230	260	0
6402	0	230	260	0
6404	0	230	260	0
6406	839	230	260	0
6408	0	230	260	0
6410	0	230	260	0
6412	846	230	260	0
6414	0	230	260	0
6416	0	230	260	0
6418	0	230	260	0
6420	0	230	260	0
6422	0	230	260	0
6424	0	230	260	0
6426	833	230	254	0
6428	0	230	254	0
6430	0	230	254	0
6432	0	230	254	0
6434	846	230	254	1
6436	0	230	254	0
6438	0	230	254	0
6440	0	230	254	-1
6442	0	230	254	1
6444	0	230	254	0
6446	0	230	254	0
6448	0	230	254	0
6450	0	230	254	-1
6452	0	230	254	1
6454	839	230	254	0
6456	0	230	254	0

killing timer
